0.0 0.0 0.5135985938996316
0.01 0.0001 0.5131260808498275
0.02 0.0004 0.5131260808498275
0.03 0.0009 0.5131260808498275
0.04 0.0016 0.5117350201488684
0.05 0.0025000000000000005 0.5117350201488684
0.06 0.0036 0.5130783484524276
0.07 0.004900000000000001 0.5160484961497079
0.08 0.0064 0.5190286247018651
0.09 0.0081 0.5220087532540223
0.1 0.010000000000000002 0.5249888818061793
0.11 0.0121 0.5279690103583369
0.12 0.0144 0.5309491389104939
0.13 0.016900000000000002 0.5339292674626512
0.14 0.019600000000000003 0.5369093960094796
0.15 0.0225 0.5398895245616369
0.16 0.0256 0.542869653113794
0.17 0.028900000000000006 0.5458497816610383
0.18 0.0324 0.5488299102132304
0.19 0.0361 0.5518100387655112
0.2 0.04000000000000001 0.5547901673177921
0.21 0.04409999999999999 0.5577702958700731
0.22 0.0484 0.560750424422354
0.23 0.0529 0.5738643605043655
0.24 0.0576 0.5767551147631841
0.25 0.0625 0.5796458690220027
0.26 0.06760000000000001 0.5825366232808215
0.27 0.0729 0.5854273775396398
0.28 0.07840000000000001 0.5969491472722922
0.29 0.0841 0.5995219584089149
0.3 0.09 0.6020947695455374
0.31 0.0961 0.6046675806821601
0.32 0.1024 0.6072403918187825
0.33 0.10890000000000001 0.6098132029554055
0.34 0.11560000000000002 0.6444667012878783
0.35 0.12249999999999998 0.6464916713956025
0.36 0.1296 0.6481814573553601
0.37 0.1369 0.6497924873824557
0.38 0.1444 0.6514035174095515
0.39 0.1521 0.6530145474366473
0.4 0.16000000000000003 0.6546255774637428
0.41 0.16809999999999997 0.6632163877473842
0.42 0.17639999999999997 0.67469246429555
0.43 0.18489999999999998 0.6861685408437168
0.44 0.1936 0.6976446173918833
0.45 0.2025 0.70912069394005
0.46 0.2116 0.7205967704882164
0.47 0.22089999999999999 0.732072847036383
0.48 0.2304 0.7435489235845495
0.49 0.24009999999999998 0.7550250001327161
0.5 0.25 0.7665010766808824
0.51 0.2601 0.7699729901134625
0.52 0.27040000000000003 0.7820052964378361
0.53 0.28090000000000004 0.7940376027622099
0.54 0.2916 0.806069909086583
0.55 0.30250000000000005 0.8181022154109571
0.56 0.31360000000000005 0.8301345217353304
0.57 0.32489999999999997 0.8421668280597038
0.58 0.3364 0.8543935839007173
0.59 0.34809999999999997 0.8668548257659106
0.6 0.36 0.8793160676311035
0.61 0.3721 0.8917773094962964
0.62 0.3844 0.9042385513614893
0.63 0.39690000000000003 0.9166997932266826
0.64 0.4096 0.92921347992547
0.65 0.42250000000000004 0.942456073351946
0.66 0.43560000000000004 0.9556986667784225
0.67 0.4489000000000001 0.9689412602048988
0.68 0.4624000000000001 0.9821838536313754
0.69 0.4760999999999999 0.9954264470578513
0.7 0.48999999999999994 1.0091736822681299
0.71 0.5041 1.0224162756949695
0.72 0.5184 1.03565886912181
0.73 0.5328999999999999 1.04890146254865
0.74 0.5476 1.0621440559754898
0.75 0.5625 1.0753866494023292
0.76 0.5776 1.088629242829169
0.77 0.5929 1.1018718362560092
0.78 0.6084 1.1151144296828486
0.79 0.6241000000000001 1.128357023109689
0.8 0.6400000000000001 1.1415996165365283
0.81 0.6561000000000001 1.1548422099633686
0.82 0.6723999999999999 1.1680848033902085
0.83 0.6889 1.181327396817048
0.84 0.7055999999999999 1.1945699902438875
0.85 0.7224999999999999 1.2078125836707274
0.86 0.7395999999999999 1.2210551770975677
0.87 0.7569 1.2342977705244076
0.88 0.7744 1.2979775973865395
0.89 0.7921 1.311220190812705
0.9 0.81 1.3244627842388708
0.91 0.8281000000000001 1.3377053776650356
0.92 0.8464 1.3509479710912013
0.93 0.8649000000000001 1.3641905645173673
0.94 0.8835999999999999 1.3774331579435326
0.95 0.9025 1.3906757513696977
0.96 0.9216 1.4039183447958627
0.97 0.9409 1.4171609382220287
0.98 0.9603999999999999 1.430403531648194
0.99 0.9801 1.4436461250743593
